Attribute Evaluator (supervised, Class (nominal): 38 class):
	OneR feature evaluator.

	Using 10 fold cross validation for evaluating attributes.
	Minimum bucket size for OneR: 6

Ranked attributes:
88.603   36 36
88.368   10 10
88.212   14 14
88.212   13 13
88.212   12 12
88.212   15 15
88.212   16 16
88.212   17 17
88.212   11 11
88.212   37 37
88.212   18 18
88.212    4 4
88.212    2 2
88.212    3 3
88.212    5 5
88.212    8 8
88.212    6 6
88.212    7 7
88.212    9 9
88.212   19 19
88.212   20 20
88.212   29 29
88.212   31 31
88.212   32 32
88.212   33 33
88.212   34 34
88.212   35 35
88.212   30 30
88.212   28 28
88.212   21 21
88.212   27 27
88.212   22 22
88.212   23 23
88.212   24 24
88.212   25 25
88.212   26 26
88.212    1 1

Selected attributes: 36,10,14,13,12,15,16,17,11,37,18,4,2,3,5,8,6,7,9,19,20,29,31,32,33,34,35,30,28,21,27,22,23,24,25,26,1 : 37