Attribute Evaluator (supervised, Class (nominal): 38 class):
	Symmetrical Uncertainty Ranking Filter

Ranked attributes:
 0.07365    1 1
 0.06244    4 4
 0.06099   33 33
 0.06036   18 18
 0.05571   35 35
 0.05288   36 36
 0.04906   25 25
 0.04757    5 5
 0.04594   31 31
 0.04534   22 22
 0.04506   21 21
 0.04307   32 32
 0.04      37 37
 0.03561   16 16
 0.03382   20 20
 0.03382   24 24
 0.02938   34 34
 0.02719   13 13
 0.02697   29 29
 0.02581   19 19
 0.02475   11 11
 0.02448   30 30
 0.02413   26 26
 0.02344    7 7
 0.02335    3 3
 0.02243   23 23
 0.02106    2 2
 0.01805   28 28
 0.01732   27 27
 0.0172     6 6
 0.0155     8 8
 0.01454    9 9
 0.0121    10 10
 0.00875   12 12
 0.0085    17 17
 0.00587   14 14
 0.00558   15 15

Selected attributes: 1,4,33,18,35,36,25,5,31,22,21,32,37,16,20,24,34,13,29,19,11,30,26,7,3,23,2,28,27,6,8,9,10,12,17,14,15 : 37