Attribute Evaluator (supervised, Class (nominal): 38 class):
	Information Gain Ranking Filter

Ranked attributes:
 0.09058    1 1
 0.07297   33 33
 0.07289   18 18
 0.06794   35 35
 0.06035   25 25
 0.05896    4 4
 0.05645   31 31
 0.05625   22 22
 0.05614   21 21
 0.05334   32 32
 0.05132    5 5
 0.05036   36 36
 0.04976   37 37
 0.04227   24 24
 0.04227   20 20
 0.03809   16 16
 0.03314   13 13
 0.03154   34 34
 0.03149   29 29
 0.02869   30 30
 0.02723   11 11
 0.025      2 2
 0.02458   26 26
 0.02413    7 7
 0.02368    3 3
 0.02336   19 19
 0.02188   28 28
 0.02093   27 27
 0.02084    6 6
 0.02047   23 23
 0.01694    9 9
 0.01667    8 8
 0.01199   10 10
 0.00988   17 17
 0.0093    12 12
 0.00539   14 14
 0.00482   15 15

Selected attributes: 1,33,18,35,25,4,31,22,21,32,5,36,37,24,20,16,13,34,29,30,11,2,26,7,3,19,28,27,6,23,9,8,10,17,12,14,15 : 37