Attribute Evaluator (supervised, Class (nominal): 38 class):
	Gain Ratio feature evaluator

Ranked attributes:
 0.04678    1 1
 0.04319    4 4
 0.03903   33 33
 0.03853   18 18
 0.03645   36 36
 0.03546   35 35
 0.0314     5 5
 0.03115   25 25
 0.02918   31 31
 0.02873   22 22
 0.02852   21 21
 0.02731   32 32
 0.02532   37 37
 0.02357   16 16
 0.02138   20 20
 0.02138   24 24
 0.01943   34 34
 0.01815   19 19
 0.01738   29 29
 0.01731   13 13
 0.01624   11 11
 0.01623   26 26
 0.01575   30 30
 0.01573    3 3
 0.01572   23 23
 0.01571    7 7
 0.01351    2 2
 0.01151   28 28
 0.01105   27 27
 0.01097    6 6
 0.01024    8 8
 0.00937    9 9
 0.00822   10 10
 0.0058    12 12
 0.00548   17 17
 0.0041    14 14
 0.00401   15 15

Selected attributes: 1,4,33,18,36,35,5,25,31,22,21,32,37,16,20,24,34,19,29,13,11,26,30,3,23,7,2,28,27,6,8,9,10,12,17,14,15 : 37